14 25 39 44 47
23 25 34 46 47
8 17 18 29 43
7 11 25 31 40
10 11 12 29 31
4 13 20 28 49
7 8 34 39 44
10 11 12 22 50
2 33 35 42 48
1 8 19 37 50
7 33 38 44 50
1 2 19 30 45
4 17 20 25 45
3 13 27 30 46
4 15 23 30 39
2 15 32 36 48
16 23 32 46 49
7 14 19 34 40
4 8 16 17 20
8 22 29 41 42
7 20 21 27 38
18 20 21 36 49
16 25 29 34 37
20 30 32 41 44
10 15 17 31 42
6 29 46 47 48
12 14 34 41 47
7 9 11 16 45
3 24 27 33 42
1 8 11 42 47
9 15 24 47 50
7 10 13 18 26
15 17 29 45 49
15 16 39 40 47
21 23 25 33 44
1 18 27 41 50
5 7 12 33 46
9 25 28 37 38
4 19 23 35 37
4 8 10 16 34
15 22 35 44 48
2 32 35 36 39
12 18 24 25 39
6 15 19 28 39
11 13 29 31 47
2 7 34 35 46
10 16 18 22 35
14 16 37 45 49
3 4 7 11 17
3 11 33 34 36
2 13 16 24 32
7 15 34 45 48
15 16 26 30 37
6 7 9 14 43
4 7 16 33 34
16 18 35 36 41
9 12 18 22 50
11 13 14 34 48
18 31 32 41 46
2 8 17 28 35
13 28 29 44 48
35 36 41 42 45
6 9 10 30 49
13 22 24 33 47
2 20 39 40 47
6 9 11 32 49
10 20 40 44 46
22 29 31 39 46
2 3 12 16 45
19 23 26 27 46
13 18 26 35 37
1 23 31 36 48
16 17 35 36 49
2 13 14 26 29
8 11 23 32 44
7 16 18 20 32
1 4 31 34 40
13 19 30 38 46
8 11 12 16 44
2 15 17 23 36
4 7 19 20 34
3 4 9 12 20
24 27 28 30 49
23 31 37 42 48
8 13 14 24 26
13 17 18 20 46
23 24 35 37 45
2 7 21 28 45
13 20 23 27 42
5 10 19 27 30
8 19 32 41 42
14 23 39 48 50
27 28 44 48 50
10 18 21 33 45
16 17 18 45 49
2 9 12 39 40
4 7 18 39 50
7 15 18 46 49



























